%valores
R = 2;
Kt = 0.01;
b = 0.0012;
La = 0.023;
ke = 0.01;
J = 0.001;
Va = 5;